-121.99847
-121.99843
-121.99838
-121.99834
-121.9983
-121.99825
-121.9982
-121.99816
-121.99811
-121.99808
-121.99806
-121.99806
-121.99806
-121.9981
-121.99814
-121.99815
-121.99816
-121.9982
-121.99825
-121.99829
-121.99834
-121.99838
-121.99842
-121.99846
-121.9985
-121.99856
-121.9986
-121.99864
-121.99867
-121.9987
-121.99874
-121.99879
-121.99884
-121.99887
-121.99892
-121.99896
-121.999
-121.99905
-121.99909
-121.99914
-121.99918
-121.99922
-121.99926
-121.99932
-121.99936
-121.99941
-121.99946
-121.9995
-121.99955
-121.99959
-121.99963
-121.99969
-121.99973
-121.99978
-121.99982
-121.99988
-121.99991
-121.99995
-122
-122.00004
-122.00007
-122.00008
-122.00006
-122.00001
-121.99997
-121.99993
-121.99991
-121.99988
-121.99986
-121.99984
-121.99982
-121.99979
-121.99973
-121.99968
-121.99964
-121.99962
-121.99959
-121.99955
-121.99951
-121.99947
-121.99941
-121.99935
-121.99931
-121.99927
-121.99922
-121.99918
-121.99913
-121.99908
-121.99903
-121.999
-121.99895
-121.99891
-121.99887
-121.99884
-121.99881
-121.99877
-121.99872
-121.99867
-121.99862
-121.99858
-121.99852
-121.99848
-121.99844
-121.99839
-121.99834
-121.99831
-121.99828
-121.99824
-121.9982
-121.99816
-121.99816
-121.99817
-121.99813
-121.99809
-121.99805
-121.99802
-121.99797
-121.99793
-121.99789
-121.99786
-121.99783
-121.99778
-121.99773
-121.99769
-121.99764
-121.9976
-121.99756
-121.99756
-121.99759
-121.99762
-121.99766
-121.99771
-121.99775
-121.99781
-121.99785
-121.99788
-121.99792
-121.99797
-121.99801
-121.99805
-121.99809
-121.99813
-121.9981
-121.99805
-121.99801
-121.99797
-121.99793
-121.9979
-121.99786
-121.99781
-121.99778
-121.99778
-121.99776
-121.99773
-121.9977
-121.99766
-121.99762
-121.99761
-121.99763
-121.99764
-121.99763
-121.99764
-121.99765
-121.99767
-121.99768
-121.9977
-121.99772
-121.99772
-121.99772
-121.9977
-121.99764
-121.99759
-121.99756
-121.99752
-121.99748
-121.99744
-121.9974
-121.99736
-121.99732
-121.9973
-121.99728
-121.99725
-121.99721
-121.99719
-121.99717
-121.99716
-121.99715
-121.99713
-121.99708
-121.99705
-121.99703
-121.99702
-121.99703
-121.99705
-121.99706
-121.99706
-121.99705
-121.99704
-121.99701
-121.99698
-121.99697
-121.99698
-121.99699
-121.997
-121.99702
-121.99707
-121.99713
-121.99718
-121.99722
-121.99727
-121.99733
-121.99737
-121.99741
-121.99745
-121.99749
-121.99754
-121.99759
-121.99764
-121.99767
-121.99771
-121.99776
-121.99781
-121.99785
-121.9979
-121.99794
-121.99798
-121.99802
-121.99808
-121.99812
-121.99816
-121.99821
-121.99825
-121.99829
-121.99834
-121.99838
-121.99841
-121.99844
-121.99848
-121.99849
-121.99849
-121.99847
-121.99845
-121.99843
-121.99839
-121.99835
-121.99831
-121.99826
-121.99823
-121.9982
-121.99817
-121.99816
-121.99817
-121.99824
-121.99829
-121.99835
-121.99839
-121.99844
-121.99849
-121.99852
-121.99857
-121.99861
-121.99862
-121.99861
-121.99857
-121.99853
-121.9985
-121.99846
-121.99842
-121.99839
-121.99835
-121.99831
-121.99828
-121.99826
-121.99824
-121.99822
-121.99821
-121.99819
-121.99818
-121.99817
-121.99816
-121.99814
-121.99811
-121.99808
-121.99806
-121.99805
-121.99805
-121.99804
-121.99804
-121.99804
-121.99804
-121.99803
-121.99804
-121.99805
-121.99806
-121.99807
-121.99809
-121.9981
-121.9981
-121.99811
-121.99811
-121.9981
-121.9981
-121.99813
-121.99815
-121.99816
-121.99816
-121.99817
-121.99819
-121.99824
-121.99828
-121.99832
-121.99836
-121.99841
-121.99845
-121.99849
-121.99854
-121.99858
-121.99862
-121.99865
-121.99867
-121.99871
-121.99875
-121.9988
-121.99883
-121.99884
-121.99882
-121.99882
-121.99879
-121.99875
-121.9987
-121.99864
-121.99859
-121.99853
-121.9985
-121.99847
-121.99845
-121.99844
-121.99844
-121.99845
-121.99848
-121.99852
-121.99856
-121.99859
-121.99861
-121.99862
-121.99859
-121.99858
-121.99859
-121.9986
-121.9986
-121.99861
-121.99862
-121.99866
-121.9987
-121.99874
-121.99879
-121.99884
-121.99888
-121.9989
-121.99891
-121.99891
-121.99891
-121.99894
-121.99899
-121.99904
-121.99907
-121.99907
-121.99904
-121.99901
-121.99897
-121.99895
-121.99897
-121.99898
-121.99897
-121.99895
-121.99895
-121.99898
-121.99901
-121.99905
-121.99908
-121.99911
-121.99915
-121.99919
-121.99923
-121.99924
-121.99924
-121.99925
-121.99927
-121.9993
-121.99933
-121.99938
-121.99942
-121.99947
-121.9995
-121.99952
-121.99955
-121.99957
-121.9996
-121.99964
-121.99966
-121.99969
-121.99971
-121.9997
-121.99967
-121.99966
-121.99965
-121.99962
-121.99959
-121.99958
-121.9996
-121.99962
-121.99963
-121.99964
-121.99963
-121.9996
-121.99956
-121.99952
-121.9995
-121.99947
-121.99945
-121.99944
-121.99941
-121.99937
-121.99934
-121.9993
-121.99929
-121.99929
-121.99928
-121.99927
-121.99925
-121.99922
-121.9992
-121.99919
-121.99918
-121.99917
-121.99915
-121.99913
-121.99911
-121.99909
-121.99906
-121.99904
-121.99904
-121.99902
-121.999
-121.99898
-121.99896
-121.99893
-121.99891
-121.9989
-121.99889
-121.99887
-121.99886
-121.99886
-121.99885
-121.99884
-121.99881
-121.99878
-121.99877
-121.99876
-121.99876
-121.99877
-121.99878
-121.9988
-121.9988
-121.99881
-121.99881
-121.99878
-121.99875
-121.99872
-121.99869
-121.99867
-121.99866
-121.99869
